#ifndef CITIES_H

#define CITIES_H

using namespace std;

#include <string>

const unsigned int num_cities = 28;

const string city_names[num_cities] = {
	"Dodji",
	"Anseroeul",
	"Petran",
	"Gampaha",
	"Saint-Paul",
	"All Saints",
	"Pyongyang",
	"Manzini",
	"Acquaviva",
	"Blantyre",
	"Nzérékoré",
	"Abidjan",
	"Pueblo Nuevo",
	"Noumea",
	"Kassala",
	"N'dalatando",
	"Cassada Gardens",
	"Serebryansk",
	"Spanish Town",
	"Salt",
	"Pannipitiya",
	"Mogadishu",
	"Carapichaima",
	"Barranquitas",
	"Tamarin",
	"Cojusna",
	"Matola",
	"Buea"
};

const unsigned int mileage_table[][num_cities] = {
	{0, 651, 3909, 3681, 2307, 1204, 3692, 3228, 3033, 832, 3524, 2775, 773, 3481, 3446, 21, 1738, 3188, 163, 2921, 2421, 2305, 1817, 2362, 1833, 2768, 2273, 1113},
	{651, 0, 2536, 2459, 748, 2593, 1437, 1488, 2496, 238, 1136, 1406, 2801, 3116, 3285, 3261, 64, 3605, 413, 1142, 3408, 3146, 1670, 783, 1427, 3479, 3467, 1913},
	{3909, 2536, 0, 1325, 2742, 3863, 629, 995, 2279, 159, 2730, 3900, 216, 868, 3647, 2191, 170, 3170, 3357, 2574, 3876, 2129, 3373, 3328, 3106, 984, 3053, 1005},
	{3681, 2459, 1325, 0, 2075, 3354, 370, 376, 3256, 356, 2705, 1300, 3546, 3930, 2198, 326, 2993, 2977, 167, 1211, 1575, 2335, 1373, 2731, 2190, 1791, 2743, 3414},
	{2307, 748, 2742, 2075, 0, 977, 1207, 1220, 1995, 2068, 1687, 851, 3217, 3536, 3421, 245, 999, 618, 1578, 1376, 3400, 1665, 2043, 421, 3561, 1961, 2252, 1602},
	{1204, 2593, 3863, 3354, 977, 0, 3028, 2512, 596, 2627, 2990, 218, 2621, 1779, 833, 2884, 402, 2333, 3030, 1011, 1598, 1437, 3730, 728, 380, 2542, 401, 3363},
	{3692, 1437, 629, 370, 1207, 3028, 0, 1610, 36, 2838, 3622, 2488, 960, 2521, 2102, 1381, 3107, 2286, 1747, 1258, 610, 7, 3218, 3011, 2669, 1872, 3817, 848},
	{3228, 1488, 995, 376, 1220, 2512, 1610, 0, 3316, 3140, 3702, 2590, 824, 2894, 3779, 716, 767, 2637, 2225, 926, 3652, 825, 1678, 1210, 1824, 2498, 3732, 1550},
	{3033, 2496, 2279, 3256, 1995, 596, 36, 3316, 0, 1949, 3748, 3009, 908, 1378, 672, 258, 2906, 1383, 2731, 1625, 1858, 3458, 1041, 1145, 3348, 3744, 288, 1056},
	{832, 238, 159, 356, 2068, 2627, 2838, 3140, 1949, 0, 2806, 3116, 3469, 3367, 2681, 2992, 3644, 3297, 505, 788, 1586, 921, 1499, 3095, 3732, 140, 1212, 441},
	{3524, 1136, 2730, 2705, 1687, 2990, 3622, 3702, 3748, 2806, 0, 2905, 2099, 1733, 1793, 85, 530, 1067, 1214, 3456, 1268, 3062, 1397, 2918, 2068, 3628, 784, 1587},
	{2775, 1406, 3900, 1300, 851, 218, 2488, 2590, 3009, 3116, 2905, 0, 1457, 986, 2186, 1465, 1584, 113, 768, 1987, 1619, 727, 3898, 794, 3370, 2729, 2307, 1121},
	{773, 2801, 216, 3546, 3217, 2621, 960, 824, 908, 3469, 2099, 1457, 0, 3448, 3696, 1839, 1844, 2732, 1560, 2991, 3439, 1770, 545, 92, 806, 3137, 1275, 916},
	{3481, 3116, 868, 3930, 3536, 1779, 2521, 2894, 1378, 3367, 1733, 986, 3448, 0, 1411, 2558, 3213, 547, 2683, 501, 1324, 3302, 62, 474, 383, 1592, 799, 680},
	{3446, 3285, 3647, 2198, 3421, 833, 2102, 3779, 672, 2681, 1793, 2186, 3696, 1411, 0, 2759, 2572, 1886, 394, 326, 3787, 56, 3321, 3499, 2841, 2304, 2127, 1948},
	{21, 3261, 2191, 326, 245, 2884, 1381, 716, 258, 2992, 85, 1465, 1839, 2558, 2759, 0, 487, 2552, 1098, 991, 2377, 1370, 1766, 1157, 2705, 3936, 2501, 1115},
	{1738, 64, 170, 2993, 999, 402, 3107, 767, 2906, 3644, 530, 1584, 1844, 3213, 2572, 487, 0, 1539, 2514, 2562, 1966, 870, 478, 255, 1511, 960, 2538, 2203},
	{3188, 3605, 3170, 2977, 618, 2333, 2286, 2637, 1383, 3297, 1067, 113, 2732, 547, 1886, 2552, 1539, 0, 3864, 2323, 1827, 2305, 986, 2980, 1410, 1761, 1714, 1544},
	{163, 413, 3357, 167, 1578, 3030, 1747, 2225, 2731, 505, 1214, 768, 1560, 2683, 394, 1098, 2514, 3864, 0, 3251, 2718, 1520, 651, 68, 3918, 475, 2927, 258},
	{2921, 1142, 2574, 1211, 1376, 1011, 1258, 926, 1625, 788, 3456, 1987, 2991, 501, 326, 991, 2562, 2323, 3251, 0, 1497, 807, 1084, 920, 2968, 477, 3188, 1474},
	{2421, 3408, 3876, 1575, 3400, 1598, 610, 3652, 1858, 1586, 1268, 1619, 3439, 1324, 3787, 2377, 1966, 1827, 2718, 1497, 0, 3120, 3034, 1821, 2867, 1145, 1347, 2168},
	{2305, 3146, 2129, 2335, 1665, 1437, 7, 825, 3458, 921, 3062, 727, 1770, 3302, 56, 1370, 870, 2305, 1520, 807, 3120, 0, 1765, 3438, 592, 1651, 3531, 2},
	{1817, 1670, 3373, 1373, 2043, 3730, 3218, 1678, 1041, 1499, 1397, 3898, 545, 62, 3321, 1766, 478, 986, 651, 1084, 3034, 1765, 0, 577, 2974, 2324, 3981, 2051},
	{2362, 783, 3328, 2731, 421, 728, 3011, 1210, 1145, 3095, 2918, 794, 92, 474, 3499, 1157, 255, 2980, 68, 920, 1821, 3438, 577, 0, 1776, 2861, 1871, 3785},
	{1833, 1427, 3106, 2190, 3561, 380, 2669, 1824, 3348, 3732, 2068, 3370, 806, 383, 2841, 2705, 1511, 1410, 3918, 2968, 2867, 592, 2974, 1776, 0, 2577, 1616, 1867},
	{2768, 3479, 984, 1791, 1961, 2542, 1872, 2498, 3744, 140, 3628, 2729, 3137, 1592, 2304, 3936, 960, 1761, 475, 477, 1145, 1651, 2324, 2861, 2577, 0, 713, 1133},
	{2273, 3467, 3053, 2743, 2252, 401, 3817, 3732, 288, 1212, 784, 2307, 1275, 799, 2127, 2501, 2538, 1714, 2927, 3188, 1347, 3531, 3981, 1871, 1616, 713, 0, 3167},
	{1113, 1913, 1005, 3414, 1602, 3363, 848, 1550, 1056, 441, 1587, 1121, 916, 680, 1948, 1115, 2203, 1544, 258, 1474, 2168, 2, 2051, 3785, 1867, 1133, 3167, 0}
};

#endif
