#ifndef CITIES_H
#define CITIES_H
#include <string>
using namespace std;
const unsigned int num_cities = 18;

const string city_names[num_cities] = {
	"Sveti Ivan Zelina",
	"Mamagnia",
	"Macao",
	"Santiago Tianguistenco",
	"Sint Nicolaas",
	"Labunista",
	"Juncos",
	"Douglas",
	"Massaguet",
	"Gibraltar",
	"Little Bay",
	"Gibraltar",
	"Cape Coast",
	"Canillo",
	"Gouyave",
	"Stanley",
	"Tenkodogo",
	"Macao"
};

const unsigned int mileage_table[][num_cities] = {
	{0, 1764, 961, 443, 294, 1713, 867, 654, 777, 2922, 51, 2499, 1640, 2194, 587, 3984, 3745, 2042},
	{1764, 0, 2416, 1501, 1538, 3093, 879, 3905, 2317, 443, 1423, 756, 3657, 3664, 2, 1269, 3579, 3671},
	{961, 2416, 0, 3306, 740, 2495, 319, 951, 209, 431, 1862, 2794, 1869, 3336, 2453, 3586, 1944, 2448},
	{443, 1501, 3306, 0, 1974, 433, 649, 1105, 1653, 210, 3865, 2208, 3688, 3668, 1245, 1079, 944, 2296},
	{294, 1538, 740, 1974, 0, 331, 2196, 2710, 2093, 466, 2191, 120, 1936, 300, 3236, 3730, 1326, 1929},
	{1713, 3093, 2495, 433, 331, 0, 3906, 80, 3810, 743, 1650, 3690, 1615, 2381, 1942, 1115, 1490, 605},
	{867, 879, 319, 649, 2196, 3906, 0, 3974, 2889, 453, 1509, 2151, 1892, 267, 1436, 3938, 3799, 3479},
	{654, 3905, 951, 1105, 2710, 80, 3974, 0, 1629, 502, 1201, 336, 3757, 3794, 618, 1992, 2972, 1077},
	{777, 2317, 209, 1653, 2093, 3810, 2889, 1629, 0, 3399, 2343, 2120, 681, 2741, 2578, 467, 1565, 1160},
	{2922, 443, 431, 210, 466, 743, 453, 502, 3399, 0, 559, 65, 975, 122, 814, 1142, 1010, 63},
	{51, 1423, 1862, 3865, 2191, 1650, 1509, 1201, 2343, 559, 0, 843, 3641, 38, 3008, 3884, 86, 448},
	{2499, 756, 2794, 2208, 120, 3690, 2151, 336, 2120, 65, 843, 0, 2196, 320, 1972, 53, 1087, 1397},
	{1640, 3657, 1869, 3688, 1936, 1615, 1892, 3757, 681, 975, 3641, 2196, 0, 887, 2189, 730, 1495, 3105},
	{2194, 3664, 3336, 3668, 300, 2381, 267, 3794, 2741, 122, 38, 320, 887, 0, 312, 2814, 3908, 3737},
	{587, 2, 2453, 1245, 3236, 1942, 1436, 618, 2578, 814, 3008, 1972, 2189, 312, 0, 196, 1237, 3218},
	{3984, 1269, 3586, 1079, 3730, 1115, 3938, 1992, 467, 1142, 3884, 53, 730, 2814, 196, 0, 3151, 3774},
	{3745, 3579, 1944, 944, 1326, 1490, 3799, 2972, 1565, 1010, 86, 1087, 1495, 3908, 1237, 3151, 0, 2181},
	{2042, 3671, 2448, 2296, 1929, 605, 3479, 1077, 1160, 63, 448, 1397, 3105, 3737, 3218, 3774, 2181, 0}
};
#endif
