#ifndef CITIES_H
#define CITIES_H
#include <string>
using namespace std;
const unsigned int num_cities = 14;

const string city_names[num_cities] = {
	"Roseau",
	"Les Hauts-Geneveys",
	"Valer'yanovo",
	"Abidjan",
	"Izabelin",
	"Sulutapa",
	"Nouakchott",
	"Kandahar",
	"Schellweiler",
	"Misratah",
	"Cupertino",
	"Banjul",
	"Kadino",
	"Ovoot"
};

const unsigned int mileage_table[][num_cities] = {
	{0, 765, 1501, 3684, 2236, 2893, 3251, 1046, 3233, 1836, 2229, 1293, 3434, 910},
	{765, 0, 3320, 1699, 1471, 882, 2113, 1505, 736, 3440, 745, 207, 40, 1826},
	{1501, 3320, 0, 939, 348, 1821, 2772, 2485, 3371, 2708, 3021, 1907, 1757, 1080},
	{3684, 1699, 939, 0, 1999, 3092, 1222, 269, 284, 429, 3952, 36, 3588, 219},
	{2236, 1471, 348, 1999, 0, 2402, 1686, 33, 2462, 2806, 1095, 2134, 196, 1058},
	{2893, 882, 1821, 3092, 2402, 0, 2470, 2300, 1990, 1146, 1275, 361, 1242, 2901},
	{3251, 2113, 2772, 1222, 1686, 2470, 0, 3222, 956, 3261, 3597, 595, 720, 3536},
	{1046, 1505, 2485, 269, 33, 2300, 3222, 0, 1417, 1338, 3314, 1453, 1349, 3434},
	{3233, 736, 3371, 284, 2462, 1990, 956, 1417, 0, 3714, 2203, 2787, 772, 707},
	{1836, 3440, 2708, 429, 2806, 1146, 3261, 1338, 3714, 0, 2414, 785, 3565, 2835},
	{2229, 745, 3021, 3952, 1095, 1275, 3597, 3314, 2203, 2414, 0, 1485, 3400, 3090},
	{1293, 207, 1907, 36, 2134, 361, 595, 1453, 2787, 785, 1485, 0, 2856, 3909},
	{3434, 40, 1757, 3588, 196, 1242, 720, 1349, 772, 3565, 3400, 2856, 0, 1218},
	{910, 1826, 1080, 219, 1058, 2901, 3536, 3434, 707, 2835, 3090, 3909, 1218, 0}
};
#endif
