#ifndef CITIES_H

#define CITIES_H

using namespace std;

#include <string>

const unsigned int num_cities = 23;

const string city_names[num_cities] = {
	"Volta Grande",
	"Okubo",
	"Juba",
	"Phumi Prek Mrinh",
	"Atafu Village",
	"La Fuente de San Esteban",
	"Nouakchott",
	"Konush",
	"Mandeville",
	"Ferizaj",
	"Lo So Shing",
	"San Martin",
	"Yellow Grass",
	"León",
	"Jenin",
	"Bishkek",
	"Juba",
	"Serravalle",
	"Mongar",
	"Ongwediva",
	"Old Road",
	"Anse La Raye",
	"Puerto La Cruz"
};

const unsigned int mileage_table[][num_cities] = {
	{0, 3461, 2634, 3490, 2884, 3105, 2372, 3986, 875, 774, 3391, 1077, 1843, 1608, 2443, 3820, 3281, 818, 1219, 975, 2021, 126, 2340},
	{3461, 0, 134, 630, 2079, 3368, 235, 1346, 530, 3456, 1078, 831, 3557, 3630, 1360, 880, 902, 322, 3714, 1057, 3193, 3974, 1938},
	{2634, 134, 0, 3853, 3823, 833, 1878, 2738, 2772, 972, 94, 625, 1681, 2324, 1947, 3802, 1198, 1877, 1917, 3789, 382, 1508, 2710},
	{3490, 630, 3853, 0, 883, 3091, 3527, 2698, 252, 1432, 3161, 3578, 3383, 967, 3780, 254, 3654, 1539, 2847, 1298, 1859, 1126, 3979},
	{2884, 2079, 3823, 883, 0, 1845, 884, 3762, 1836, 2376, 501, 1055, 549, 1213, 3419, 380, 3946, 2070, 2307, 3081, 3150, 3939, 1564},
	{3105, 3368, 833, 3091, 1845, 0, 476, 2625, 3921, 2165, 3190, 3499, 2891, 857, 1881, 2606, 1831, 2214, 2651, 1205, 3574, 3459, 2720},
	{2372, 235, 1878, 3527, 884, 476, 0, 2566, 1692, 2407, 2945, 3675, 1393, 2412, 2777, 614, 282, 2798, 1912, 2179, 2869, 98, 2206},
	{3986, 1346, 2738, 2698, 3762, 2625, 2566, 0, 1833, 311, 1912, 3812, 1866, 3673, 1210, 3785, 709, 3394, 1757, 2706, 2045, 1709, 3573},
	{875, 530, 2772, 252, 1836, 3921, 1692, 1833, 0, 1004, 751, 2510, 1108, 2955, 3615, 213, 81, 3317, 3666, 58, 1303, 2198, 2199},
	{774, 3456, 972, 1432, 2376, 2165, 2407, 311, 1004, 0, 2610, 1760, 290, 1683, 1169, 2578, 694, 1542, 488, 187, 1305, 2395, 229},
	{3391, 1078, 94, 3161, 501, 3190, 2945, 1912, 751, 2610, 0, 2286, 2810, 1541, 1100, 3755, 2184, 1808, 1179, 1435, 857, 3244, 26},
	{1077, 831, 625, 3578, 1055, 3499, 3675, 3812, 2510, 1760, 2286, 0, 2433, 2047, 1129, 2959, 3086, 1306, 3654, 524, 3648, 315, 1057},
	{1843, 3557, 1681, 3383, 549, 2891, 1393, 1866, 1108, 290, 2810, 2433, 0, 2803, 188, 1007, 3293, 2449, 1214, 313, 1150, 3071, 766},
	{1608, 3630, 2324, 967, 1213, 857, 2412, 3673, 2955, 1683, 1541, 2047, 2803, 0, 1449, 1260, 688, 980, 866, 1114, 1104, 34, 412},
	{2443, 1360, 1947, 3780, 3419, 1881, 2777, 1210, 3615, 1169, 1100, 1129, 188, 1449, 0, 532, 2885, 3096, 3175, 3445, 794, 1849, 865},
	{3820, 880, 3802, 254, 380, 2606, 614, 3785, 213, 2578, 3755, 2959, 1007, 1260, 532, 0, 3598, 3916, 1866, 3788, 1590, 3271, 76},
	{3281, 902, 1198, 3654, 3946, 1831, 282, 709, 81, 694, 2184, 3086, 3293, 688, 2885, 3598, 0, 2570, 1717, 2467, 2998, 326, 3591},
	{818, 322, 1877, 1539, 2070, 2214, 2798, 3394, 3317, 1542, 1808, 1306, 2449, 980, 3096, 3916, 2570, 0, 54, 134, 3713, 3428, 1305},
	{1219, 3714, 1917, 2847, 2307, 2651, 1912, 1757, 3666, 488, 1179, 3654, 1214, 866, 3175, 1866, 1717, 54, 0, 1819, 3542, 3676, 509},
	{975, 1057, 3789, 1298, 3081, 1205, 2179, 2706, 58, 187, 1435, 524, 313, 1114, 3445, 3788, 2467, 134, 1819, 0, 1474, 3210, 2056},
	{2021, 3193, 382, 1859, 3150, 3574, 2869, 2045, 1303, 1305, 857, 3648, 1150, 1104, 794, 1590, 2998, 3713, 3542, 1474, 0, 3428, 2515},
	{126, 3974, 1508, 1126, 3939, 3459, 98, 1709, 2198, 2395, 3244, 315, 3071, 34, 1849, 3271, 326, 3428, 3676, 3210, 3428, 0, 1674},
	{2340, 1938, 2710, 3979, 1564, 2720, 2206, 3573, 2199, 229, 26, 1057, 766, 412, 865, 76, 3591, 1305, 509, 2056, 2515, 1674, 0}
};

#endif
