#ifndef CITIES_H

#define CITIES_H

using namespace std;

#include <string>

const unsigned int num_cities = 27;

const string city_names[num_cities] = {
	"Aleppo",
	"Pongola",
	"Koungou",
	"Gaborone",
	"Quatre Bornes",
	"San Pedro Town",
	"Shar",
	"Monaco",
	"Ad Dawhah",
	"Takamaka",
	"Cacheu",
	"Kampong Jerudong",
	"Paita",
	"Sandur",
	"Ostrach",
	"Flying Fish Cove",
	"Neves",
	"Vieux Fort",
	"Atafu Village",
	"Pamandzi",
	"Melchor",
	"Ban Wang Yai",
	"Algodonales",
	"Dornava",
	"Wazir Akbar Khan",
	"Vientiane",
	"Bucheon-si"
};

const unsigned int mileage_table[][num_cities] = {
	{0, 1466, 1702, 2402, 1338, 1637, 154, 491, 402, 550, 2500, 1769, 2728, 1142, 1736, 636, 1766, 2626, 3530, 2419, 7, 1673, 3662, 28, 1135, 71, 1319},
	{1466, 0, 1669, 660, 627, 788, 2735, 3819, 778, 3698, 880, 620, 1320, 418, 2200, 237, 142, 3638, 2233, 3491, 1828, 90, 3158, 3160, 1743, 1844, 560},
	{1702, 1669, 0, 974, 1944, 3757, 1916, 431, 386, 2278, 1308, 3215, 3792, 2374, 2097, 1521, 3266, 1343, 3112, 57, 141, 2772, 1834, 2861, 2542, 2305, 81},
	{2402, 660, 974, 0, 3246, 904, 3170, 1235, 1849, 2479, 2662, 2579, 617, 174, 448, 0, 3192, 1095, 2434, 190, 2738, 2484, 874, 752, 1423, 2601, 2990},
	{1338, 627, 1944, 3246, 0, 1337, 1918, 550, 2837, 430, 2702, 3422, 2887, 1081, 1639, 1455, 1311, 1903, 1815, 1810, 380, 3594, 1046, 3897, 1740, 698, 2918},
	{1637, 788, 3757, 904, 1337, 0, 2430, 761, 1430, 1930, 3463, 3679, 917, 2350, 2898, 1343, 1058, 2328, 1978, 1162, 2969, 1263, 2539, 3102, 453, 1386, 504},
	{154, 2735, 1916, 3170, 1918, 2430, 0, 1477, 357, 1458, 1737, 1175, 546, 742, 2713, 1002, 1936, 2305, 2229, 3376, 2659, 2046, 655, 1267, 351, 283, 2329},
	{491, 3819, 431, 1235, 550, 761, 1477, 0, 2320, 2749, 1601, 2533, 1061, 3444, 3185, 1045, 1553, 1897, 391, 3814, 1785, 320, 3155, 1497, 1519, 2016, 3151},
	{402, 778, 386, 1849, 2837, 1430, 357, 2320, 0, 3063, 3681, 205, 3679, 2046, 1594, 2443, 1865, 2380, 1754, 1168, 3369, 2844, 1850, 3185, 2092, 995, 553},
	{550, 3698, 2278, 2479, 430, 1930, 1458, 2749, 3063, 0, 3374, 1666, 449, 2626, 461, 3540, 2225, 159, 110, 1163, 3264, 1103, 2510, 2419, 3262, 3715, 3153},
	{2500, 880, 1308, 2662, 2702, 3463, 1737, 1601, 3681, 3374, 0, 3784, 2388, 3556, 2680, 2037, 3415, 3740, 746, 2704, 36, 365, 3428, 1851, 3895, 3766, 1958},
	{1769, 620, 3215, 2579, 3422, 3679, 1175, 2533, 205, 1666, 3784, 0, 1247, 3734, 1180, 1961, 559, 567, 3020, 1053, 1111, 1198, 1674, 820, 2134, 216, 2693},
	{2728, 1320, 3792, 617, 2887, 917, 546, 1061, 3679, 449, 2388, 1247, 0, 250, 626, 223, 3185, 244, 1984, 957, 3828, 1163, 1973, 3806, 1978, 2979, 2458},
	{1142, 418, 2374, 174, 1081, 2350, 742, 3444, 2046, 2626, 3556, 3734, 250, 0, 2007, 3733, 2335, 570, 2904, 1212, 2413, 936, 2516, 314, 3358, 3161, 3643},
	{1736, 2200, 2097, 448, 1639, 2898, 2713, 3185, 1594, 461, 2680, 1180, 626, 2007, 0, 3913, 913, 2940, 2785, 77, 1780, 1861, 2988, 2835, 1420, 811, 2672},
	{636, 237, 1521, 0, 1455, 1343, 1002, 1045, 2443, 3540, 2037, 1961, 223, 3733, 3913, 0, 2792, 3328, 3405, 999, 2528, 1997, 1200, 1889, 516, 1610, 369},
	{1766, 142, 3266, 3192, 1311, 1058, 1936, 1553, 1865, 2225, 3415, 559, 3185, 2335, 913, 2792, 0, 1487, 1554, 3576, 1573, 3305, 2974, 103, 1121, 1429, 2609},
	{2626, 3638, 1343, 1095, 1903, 2328, 2305, 1897, 2380, 159, 3740, 567, 244, 570, 2940, 3328, 1487, 0, 2403, 1581, 1360, 1896, 1484, 821, 3647, 880, 1250},
	{3530, 2233, 3112, 2434, 1815, 1978, 2229, 391, 1754, 110, 746, 3020, 1984, 2904, 2785, 3405, 1554, 2403, 0, 2737, 12, 3265, 579, 1450, 2033, 1731, 884},
	{2419, 3491, 57, 190, 1810, 1162, 3376, 3814, 1168, 1163, 2704, 1053, 957, 1212, 77, 999, 3576, 1581, 2737, 0, 941, 54, 2752, 1945, 2377, 3309, 3961},
	{7, 1828, 141, 2738, 380, 2969, 2659, 1785, 3369, 3264, 36, 1111, 3828, 2413, 1780, 2528, 1573, 1360, 12, 941, 0, 134, 1092, 230, 2834, 297, 3539},
	{1673, 90, 2772, 2484, 3594, 1263, 2046, 320, 2844, 1103, 365, 1198, 1163, 936, 1861, 1997, 3305, 1896, 3265, 54, 134, 0, 2190, 3143, 3710, 1435, 447},
	{3662, 3158, 1834, 874, 1046, 2539, 655, 3155, 1850, 2510, 3428, 1674, 1973, 2516, 2988, 1200, 2974, 1484, 579, 2752, 1092, 2190, 0, 3054, 2786, 3444, 513},
	{28, 3160, 2861, 752, 3897, 3102, 1267, 1497, 3185, 2419, 1851, 820, 3806, 314, 2835, 1889, 103, 821, 1450, 1945, 230, 3143, 3054, 0, 1806, 1474, 2628},
	{1135, 1743, 2542, 1423, 1740, 453, 351, 1519, 2092, 3262, 3895, 2134, 1978, 3358, 1420, 516, 1121, 3647, 2033, 2377, 2834, 3710, 2786, 1806, 0, 3782, 1619},
	{71, 1844, 2305, 2601, 698, 1386, 283, 2016, 995, 3715, 3766, 216, 2979, 3161, 811, 1610, 1429, 880, 1731, 3309, 297, 1435, 3444, 1474, 3782, 0, 852},
	{1319, 560, 81, 2990, 2918, 504, 2329, 3151, 553, 3153, 1958, 2693, 2458, 3643, 2672, 369, 2609, 1250, 884, 3961, 3539, 447, 513, 2628, 1619, 852, 0}
};

#endif
