#ifndef CITIES_H

#define CITIES_H

using namespace std;

#include <string>

const unsigned int num_cities = 24;

const string city_names[num_cities] = {
	"Naifaru",
	"Macao",
	"Narsarsuaq",
	"Kingshill",
	"Santa Coloma",
	"Vailala",
	"Kwaluseni",
	"Bucaramanga",
	"Apia",
	"Zemo-Avchala",
	"Mikrevo",
	"Tlatlauquitepec",
	"Le Bardo",
	"Nyala",
	"Portao",
	"Port Vila",
	"Sharif",
	"Over Back The Damp",
	"Shtip",
	"Pago Pago",
	"Mega",
	"Jurva",
	"Pointe Noire",
	"Lajas"
};

const unsigned int mileage_table[][num_cities] = {
	{0, 1583, 197, 3135, 2810, 2528, 3070, 3488, 3048, 2720, 681, 3638, 3960, 1544, 617, 3327, 1040, 562, 3614, 1337, 2747, 157, 3729, 2805},
	{1583, 0, 2113, 1934, 1446, 244, 1681, 2486, 172, 2480, 865, 1446, 397, 2478, 2461, 2104, 1986, 232, 3974, 834, 698, 434, 3243, 2911},
	{197, 2113, 0, 1294, 3517, 1337, 3653, 650, 963, 3736, 39, 2177, 2282, 532, 3138, 2668, 3698, 2436, 2932, 731, 1413, 2014, 1941, 647},
	{3135, 1934, 1294, 0, 3692, 3083, 3129, 3345, 340, 2436, 3948, 1131, 3919, 3742, 672, 1100, 1647, 390, 2736, 159, 2118, 2516, 2134, 3746},
	{2810, 1446, 3517, 3692, 0, 3650, 528, 3401, 3552, 3401, 3924, 762, 3327, 3879, 710, 64, 845, 2677, 25, 1642, 2867, 2028, 3605, 3009},
	{2528, 244, 1337, 3083, 3650, 0, 1608, 2211, 775, 2359, 1971, 2595, 2594, 3433, 3149, 47, 3838, 1116, 882, 3493, 1506, 1754, 174, 1601},
	{3070, 1681, 3653, 3129, 528, 1608, 0, 2084, 777, 3139, 3380, 994, 2231, 1402, 842, 679, 1194, 3204, 1602, 2822, 1814, 329, 699, 3254},
	{3488, 2486, 650, 3345, 3401, 2211, 2084, 0, 3738, 1204, 2687, 342, 1192, 1008, 3744, 2242, 3480, 895, 499, 2540, 1946, 1653, 3973, 318},
	{3048, 172, 963, 340, 3552, 775, 777, 3738, 0, 2124, 3302, 7, 440, 917, 1994, 2938, 2743, 1685, 1811, 237, 2275, 3174, 1736, 1031},
	{2720, 2480, 3736, 2436, 3401, 2359, 3139, 1204, 2124, 0, 1842, 1970, 1904, 3661, 1314, 1168, 1295, 693, 2310, 596, 3129, 2469, 1408, 996},
	{681, 865, 39, 3948, 3924, 1971, 3380, 2687, 3302, 1842, 0, 1553, 211, 3366, 121, 3089, 1759, 1839, 3534, 3626, 474, 444, 3869, 3893},
	{3638, 1446, 2177, 1131, 762, 2595, 994, 342, 7, 1970, 1553, 0, 3159, 575, 3714, 280, 1175, 3592, 269, 3079, 1498, 3439, 421, 2267},
	{3960, 397, 2282, 3919, 3327, 2594, 2231, 1192, 440, 1904, 211, 3159, 0, 1218, 1765, 3270, 2001, 54, 1267, 2124, 3095, 925, 656, 858},
	{1544, 2478, 532, 3742, 3879, 3433, 1402, 1008, 917, 3661, 3366, 575, 1218, 0, 3756, 2192, 1402, 1110, 1220, 1411, 327, 3782, 2940, 1172},
	{617, 2461, 3138, 672, 710, 3149, 842, 3744, 1994, 1314, 121, 3714, 1765, 3756, 0, 934, 3231, 1278, 3581, 3738, 3429, 2030, 3633, 314},
	{3327, 2104, 2668, 1100, 64, 47, 679, 2242, 2938, 1168, 3089, 280, 3270, 2192, 934, 0, 2286, 2276, 379, 2630, 1214, 911, 825, 914},
	{1040, 1986, 3698, 1647, 845, 3838, 1194, 3480, 2743, 1295, 1759, 1175, 2001, 1402, 3231, 2286, 0, 760, 2240, 2572, 1077, 2644, 3417, 2848},
	{562, 232, 2436, 390, 2677, 1116, 3204, 895, 1685, 693, 1839, 3592, 54, 1110, 1278, 2276, 760, 0, 492, 2075, 1624, 764, 798, 2325},
	{3614, 3974, 2932, 2736, 25, 882, 1602, 499, 1811, 2310, 3534, 269, 1267, 1220, 3581, 379, 2240, 492, 0, 565, 3640, 3328, 296, 1553},
	{1337, 834, 731, 159, 1642, 3493, 2822, 2540, 237, 596, 3626, 3079, 2124, 1411, 3738, 2630, 2572, 2075, 565, 0, 2707, 2524, 2815, 2820},
	{2747, 698, 1413, 2118, 2867, 1506, 1814, 1946, 2275, 3129, 474, 1498, 3095, 327, 3429, 1214, 1077, 1624, 3640, 2707, 0, 3106, 2709, 2658},
	{157, 434, 2014, 2516, 2028, 1754, 329, 1653, 3174, 2469, 444, 3439, 925, 3782, 2030, 911, 2644, 764, 3328, 2524, 3106, 0, 1881, 406},
	{3729, 3243, 1941, 2134, 3605, 174, 699, 3973, 1736, 1408, 3869, 421, 656, 2940, 3633, 825, 3417, 798, 296, 2815, 2709, 1881, 0, 1711},
	{2805, 2911, 647, 3746, 3009, 1601, 3254, 318, 1031, 996, 3893, 2267, 858, 1172, 314, 914, 2848, 2325, 1553, 2820, 2658, 406, 1711, 0}
};

#endif
