#ifndef CITIES_H
#define CITIES_H

using namespace std;
#include <string>

/* debug flag */
#define DEBUG 1

/* City parameters to set up:
 * can do this automatically using Python script
 * 
 * num_cities = number of cities
 * city_names = names of all cities; the first name should be the "hometown"
 *     where tours start and end
 * mileage_table: each row should contain the mileages FROM that city
 *     TO the cities in each column. The distances from A to B and B to A
 *     do not have to be equal (see Python script).
 *  */
/*
const unsigned int num_cities = 5;

const std::string city_names[num_cities] = {
	"Rohnert Park",
	"San Francisco",
	"Petaluma",
	"Oakland",
	"Santa Rosa"
};

const unsigned int mileage_table[][num_cities] = {
	{0, 48, 11, 52, 10},
	{48, 0, 39, 12, 55},
	{11, 39, 0, 42, 18},
	{52, 12, 42, 0, 58},
	{10, 55, 18, 58, 0}
};
*/

const unsigned int num_cities = 10;

const string city_names[num_cities] = {
    "Alameda",
    "Big Bear Lake",
    "Elk Grove",
    "Oakdale",
    "Santa Clarita",
    "Shasta Lake",
    "Ukiah",
    "Redding",
    "La Mesa",
    "Guadalupe"
};

const unsigned int mileage_table[][num_cities] = {
    {0, 185, 384, 935, 618, 516, 970, 234, 267, 809},
    {185, 0, 517, 69, 736, 794, 424, 457, 342, 963},
    {384, 517, 0, 632, 71, 546, 344, 80, 809, 615},
    {935, 69, 632, 0, 726, 295, 682, 569, 825, 808},
    {618, 736, 71, 726, 0, 707, 887, 392, 776, 815},
    {516, 794, 546, 295, 707, 0, 963, 168, 205, 697},
    {970, 424, 344, 682, 887, 963, 0, 930, 217, 70},
    {234, 457, 80, 569, 392, 168, 930, 0, 650, 367},
    {267, 342, 809, 825, 776, 205, 217, 650, 0, 288},
    {809, 963, 615, 808, 815, 697, 70, 367, 288, 0}
};

/*
const unsigned int num_cities = 15;

const string city_names[num_cities] = {
    "Big Bear Lake",
    "Elk Grove",
    "Los Gatos       ",
    "Oakdale",
    "Oxnard",
    "Rolling Hills",
    "Santa Cruz",
    "Signal Hill",
    "Ukiah",
    "Yreka",
    "San Mateo",
    "Redding",
    "Montague",
    "La Mesa",
    "Guadalupe"
};

const unsigned int mileage_table[][num_cities] = {
    {0, 738, 689, 951, 645, 363, 131, 415, 562, 350, 713, 666, 684, 726, 31},
    {738, 0, 314, 720, 446, 530, 19, 570, 549, 830, 659, 107, 114, 839, 138},
    {689, 314, 0, 268, 726, 872, 174, 162, 973, 83, 81, 765, 822, 141, 602},
    {951, 720, 268, 0, 419, 324, 965, 534, 566, 175, 972, 952, 599, 722, 470},
    {645, 446, 726, 419, 0, 128, 369, 626, 260, 590, 627, 311, 816, 861, 679},
    {363, 530, 872, 324, 128, 0, 426, 733, 544, 418, 276, 396, 212, 623, 503},
    {131, 19, 174, 965, 369, 426, 0, 783, 566, 995, 401, 585, 552, 741, 297},
    {415, 570, 162, 534, 626, 733, 783, 0, 282, 503, 379, 961, 851, 945, 909},
    {562, 549, 973, 566, 260, 544, 566, 282, 0, 678, 715, 238, 691, 670, 894},
    {350, 830, 83, 175, 590, 418, 995, 503, 678, 0, 37, 231, 361, 283, 250},
    {713, 659, 81, 972, 627, 276, 401, 379, 715, 37, 0, 846, 65, 961, 758},
    {666, 107, 765, 952, 311, 396, 585, 961, 238, 231, 846, 0, 468, 498, 226},
    {684, 114, 822, 599, 816, 212, 552, 851, 691, 361, 65, 468, 0, 212, 996},
    {726, 839, 141, 722, 861, 623, 741, 945, 670, 283, 961, 498, 212, 0, 558},
    {31, 138, 602, 470, 679, 503, 297, 909, 894, 250, 758, 226, 996, 558, 0}
};
*/

/*
const unsigned int num_cities = 30;                                                                                                                                                                                                                                                                                                                                                                                     const string city_names[num_cities] = {                                                                                                                                                                             "Alameda",                                                                                                                                                                                                  "Big Bear Lake",                                                                                                                                                                                            "Cupertino",                                                                                                                                                                                                "Elk Grove",                                                                                                                                                                                                "Highland",                                                                                                                                                                                                 "Los Gatos",                                                                                                                                                                                         "Montclair",                                                                                                                                                                                                "Oakdale",                                                                                                                                                                                                  "Novato",                                                                                                                                                                                                   "Oxnard",                                                                                                                                                                                                   "Portola Valley",                                                                                                                                                                                           "Rolling Hills",                                                                                                                                                                                            "Santa Clarita",                                                                                                                                                                                            "Santa Cruz",                                                                                                                                                                                               "Shasta Lake",                                                                                                                                                                                              "Signal Hill",                                                                                                                                                                                              "Upland",                                                                                                                                                                                                   "Ukiah",                                                                                                                                                                                                    "Williams",                                                                                                                                                                                                 "Yreka",                                                                                                                                                                                                    "Yucca Valley",                                                                                                                                                                                             "San Mateo",                                                                                                                                                                                                "Redlands",                                                                                                                                                                                                 "Redding",                                                                                                                                                                                                  "Oceanside",                                                                                                                                                                                                "Montague",                                                                                                                                                                                                 "Live Oak",                                                                                                                                                                                                 "La Mesa",                                                                                                                                                                                                  "Healdsburg",                                                                                                                                                                                               "Guadalupe"                                                                                                                                                                                         };

const unsigned int mileage_table[][num_cities] = {
    {0, 738, 689, 951, 645, 363, 131, 415, 562, 350, 713, 666, 684, 726, 31, 314, 720, 446, 530, 19, 570, 549, 830, 659, 107, 114, 839, 138, 268, 726},
    {738, 0, 872, 174, 162, 973, 83, 81, 765, 822, 141, 602, 419, 324, 965, 534, 566, 175, 972, 952, 599, 722, 470, 128, 369, 626, 260, 590, 627, 311},
    {689, 872, 0, 816, 861, 679, 426, 733, 544, 418, 276, 396, 212, 623, 503, 783, 566, 995, 401, 585, 552, 741, 297, 282, 503, 379, 961, 851, 945, 909},
    {951, 174, 816, 0, 678, 715, 238, 691, 670, 894, 37, 231, 361, 283, 250, 846, 65, 961, 758, 468, 498, 226, 212, 996, 558, 513, 405, 85, 28, 159},
    {645, 162, 861, 678, 0, 173, 54, 712, 112, 586, 903, 43, 586, 184, 356, 258, 602, 122, 807, 23, 764, 739, 203, 400, 179, 201, 283, 938, 197, 974},
    {363, 973, 679, 715, 173, 0, 495, 748, 790, 244, 769, 271, 203, 988, 969, 937, 264, 216, 404, 455, 674, 553, 900, 998, 350, 245, 293, 657, 504, 34},
    {131, 83, 426, 238, 54, 495, 0, 990, 236, 989, 675, 383, 95, 410, 170, 464, 807, 99, 693, 761, 115, 380, 791, 794, 493, 883, 535, 356, 163, 246},
    {415, 81, 733, 691, 712, 748, 990, 0, 217, 274, 77, 169, 953, 294, 273, 339, 893, 864, 313, 234, 366, 644, 947, 632, 557, 865, 145, 450, 217, 671},
    {562, 765, 544, 670, 112, 790, 236, 217, 0, 330, 176, 561, 554, 480, 965, 663, 89, 889, 882, 490, 290, 634, 626, 495, 228, 260, 25, 11, 758, 345},
    {350, 822, 418, 894, 586, 244, 989, 274, 330, 0, 954, 341, 448, 119, 584, 36, 745, 253, 361, 418, 2, 407, 106, 754, 312, 793, 282, 617, 30, 849},
    {713, 141, 276, 37, 903, 769, 675, 77, 176, 954, 0, 666, 393, 422, 58, 284, 56, 923, 508, 337, 113, 618, 426, 60, 459, 526, 694, 17, 742, 65},
    {666, 602, 396, 231, 43, 271, 383, 169, 561, 341, 666, 0, 996, 47, 281, 846, 114, 988, 936, 305, 662, 682, 505, 111, 354, 336, 526, 400, 918, 823},
    {684, 419, 212, 361, 586, 203, 95, 953, 554, 448, 393, 996, 0, 224, 964, 867, 494, 799, 189, 571, 158, 273, 465, 919, 715, 863, 11, 629, 389, 239},
    {726, 324, 623, 283, 184, 988, 410, 294, 480, 119, 422, 47, 224, 0, 21, 397, 158, 404, 538, 507, 149, 208, 325, 458, 757, 475, 627, 526, 824, 346},
    {31, 965, 503, 250, 356, 969, 170, 273, 965, 584, 58, 281, 964, 21, 0, 498, 467, 856, 819, 311, 41, 935, 190, 76, 197, 18, 745, 728, 225, 624},
    {314, 534, 783, 846, 258, 937, 464, 339, 663, 36, 284, 846, 867, 397, 498, 0, 780, 318, 244, 999, 771, 152, 788, 539, 148, 109, 447, 904, 369, 780},
    {720, 566, 566, 65, 602, 264, 807, 893, 89, 745, 56, 114, 494, 158, 467, 780, 0, 893, 269, 248, 35, 948, 650, 985, 372, 828, 478, 186, 830, 858},
    {446, 175, 995, 961, 122, 216, 99, 864, 889, 253, 923, 988, 799, 404, 856, 318, 893, 0, 323, 457, 312, 276, 2, 750, 534, 453, 788, 800, 70, 234},
    {530, 972, 401, 758, 807, 404, 693, 313, 882, 361, 508, 936, 189, 538, 819, 244, 269, 323, 0, 116, 411, 120, 463, 709, 80, 600, 93, 872, 617, 197},
    {19, 952, 585, 468, 23, 455, 761, 234, 490, 418, 337, 305, 571, 507, 311, 999, 248, 457, 116, 0, 968, 989, 692, 746, 418, 388, 470, 614, 688, 517},
    {570, 599, 552, 498, 764, 674, 115, 366, 290, 2, 113, 662, 158, 149, 41, 771, 35, 312, 411, 968, 0, 965, 27, 114, 723, 166, 159, 836, 825, 347},
    {549, 722, 741, 226, 739, 553, 380, 644, 634, 407, 618, 682, 273, 208, 935, 152, 948, 276, 120, 989, 965, 0, 579, 942, 219, 897, 529, 506, 934, 682},
    {830, 470, 297, 212, 203, 900, 791, 947, 626, 106, 426, 505, 465, 325, 190, 788, 650, 2, 463, 692, 27, 579, 0, 262, 187, 309, 757, 712, 300, 513},
    {659, 128, 282, 996, 400, 998, 794, 632, 495, 754, 60, 111, 919, 458, 76, 539, 985, 750, 709, 746, 114, 942, 262, 0, 178, 768, 86, 901, 517, 585},
    {107, 369, 503, 558, 179, 350, 493, 557, 228, 312, 459, 354, 715, 757, 197, 148, 372, 534, 80, 418, 723, 219, 187, 178, 0, 962, 694, 792, 533, 993},
    {114, 626, 379, 513, 201, 245, 883, 865, 260, 793, 526, 336, 863, 475, 18, 109, 828, 453, 600, 388, 166, 897, 309, 768, 962, 0, 775, 178, 978, 53},
    {839, 260, 961, 405, 283, 293, 535, 145, 25, 282, 694, 526, 11, 627, 745, 447, 478, 788, 93, 470, 159, 529, 757, 86, 694, 775, 0, 810, 463, 28},
    {138, 590, 851, 85, 938, 657, 356, 450, 11, 617, 17, 400, 629, 526, 728, 904, 186, 800, 872, 614, 836, 506, 712, 901, 792, 178, 810, 0, 449, 474},
    {268, 627, 945, 28, 197, 504, 163, 217, 758, 30, 742, 918, 389, 824, 225, 369, 830, 70, 617, 688, 825, 934, 300, 517, 533, 978, 463, 449, 0, 469},
    {726, 311, 909, 159, 974, 34, 246, 671, 345, 849, 65, 823, 239, 346, 624, 780, 858, 234, 197, 517, 347, 682, 513, 585, 993, 53, 28, 474, 469, 0}
};
*/

#endif
