#ifndef CITIES_H
#define CITIES_H
#include <string>
using namespace std;
const unsigned int num_cities = 20;

const string city_names[num_cities] = {
	"Jizan",
	"Level",
	"Tan Binh",
	"Cupertino",
	"Kiti",
	"Loo",
	"Georgetown",
	"Kastoria",
	"Dumbea",
	"Dushanbe",
	"Santa Rosa",
	"Oued Smar",
	"Perstorp",
	"Atafu Village",
	"Maribor",
	"Dorp Nikiboko",
	"Eskebjerg",
	"Level",
	"Arkelstorp",
	"Abomey-Calavi"
};

const unsigned int mileage_table[][num_cities] = {
	{0, 1264, 3955, 120, 3640, 1262, 3488, 1986, 1272, 3425, 12, 1880, 612, 3602, 1541, 3079, 362, 888, 3660, 2639},
	{1264, 0, 1327, 1143, 488, 2403, 1547, 3948, 1720, 2155, 3196, 3959, 691, 940, 3002, 1903, 700, 1720, 1249, 837},
	{3955, 1327, 0, 1472, 2861, 2816, 1048, 3177, 515, 1893, 3704, 1096, 422, 2439, 389, 640, 490, 3626, 2617, 2696},
	{120, 1143, 1472, 0, 3752, 3711, 1122, 1578, 1335, 1095, 2002, 2965, 628, 2332, 594, 1032, 3926, 2011, 3896, 3328},
	{3640, 488, 2861, 3752, 0, 3896, 1936, 603, 1342, 2284, 3806, 1507, 2850, 775, 1615, 174, 1744, 2749, 603, 2298},
	{1262, 2403, 2816, 3711, 3896, 0, 2435, 708, 2020, 3601, 2502, 454, 3900, 3388, 3675, 680, 3088, 2301, 2431, 3742},
	{3488, 1547, 1048, 1122, 1936, 2435, 0, 2574, 359, 2837, 1310, 1848, 2231, 3485, 808, 3397, 2664, 1034, 472, 1243},
	{1986, 3948, 3177, 1578, 603, 708, 2574, 0, 1238, 2653, 708, 301, 3912, 3059, 3313, 3155, 2525, 238, 780, 1177},
	{1272, 1720, 515, 1335, 1342, 2020, 359, 1238, 0, 901, 1992, 1753, 3483, 52, 3482, 1926, 2887, 1501, 1112, 2428},
	{3425, 2155, 1893, 1095, 2284, 3601, 2837, 2653, 901, 0, 1137, 2939, 3887, 3821, 1164, 2057, 616, 596, 2474, 2762},
	{12, 3196, 3704, 2002, 3806, 2502, 1310, 708, 1992, 1137, 0, 1711, 1039, 2170, 2302, 3280, 137, 753, 467, 3287},
	{1880, 3959, 1096, 2965, 1507, 454, 1848, 301, 1753, 2939, 1711, 0, 625, 340, 1388, 1277, 1501, 2883, 2743, 3805},
	{612, 691, 422, 628, 2850, 3900, 2231, 3912, 3483, 3887, 1039, 625, 0, 1849, 868, 3362, 1569, 1078, 208, 198},
	{3602, 940, 2439, 2332, 775, 3388, 3485, 3059, 52, 3821, 2170, 340, 1849, 0, 3288, 1922, 3819, 272, 1610, 2349},
	{1541, 3002, 389, 594, 1615, 3675, 808, 3313, 3482, 1164, 2302, 1388, 868, 3288, 0, 1526, 2791, 1077, 2136, 1361},
	{3079, 1903, 640, 1032, 174, 680, 3397, 3155, 1926, 2057, 3280, 1277, 3362, 1922, 1526, 0, 3337, 1175, 2858, 2132},
	{362, 700, 490, 3926, 1744, 3088, 2664, 2525, 2887, 616, 137, 1501, 1569, 3819, 2791, 3337, 0, 1095, 2042, 3811},
	{888, 1720, 3626, 2011, 2749, 2301, 1034, 238, 1501, 596, 753, 2883, 1078, 272, 1077, 1175, 1095, 0, 1269, 2497},
	{3660, 1249, 2617, 3896, 603, 2431, 472, 780, 1112, 2474, 467, 2743, 208, 1610, 2136, 2858, 2042, 1269, 0, 446},
	{2639, 837, 2696, 3328, 2298, 3742, 1243, 1177, 2428, 2762, 3287, 3805, 198, 2349, 1361, 2132, 3811, 2497, 446, 0}
};
#endif
