#ifndef CITIES_H

#define CITIES_H

using namespace std;

#include <string>

const unsigned int num_cities = 20;

const string city_names[num_cities] = {
	"Level",
	"Kovachite",
	"Brazzaville",
	"Doha",
	"Samad",
	"Kingston",
	"Bujumbura",
	"Ferizaj",
	"Serdang",
	"Guaricano",
	"Bishkek",
	"Santa Rita",
	"Jaslo",
	"Ilidza",
	"Oranjestad",
	"Saint Peter",
	"Stari Bar",
	"Tetovo",
	"Gyal",
	"Nouakchott"
};

const unsigned int mileage_table[][num_cities] = {
	{0, 3289, 1035, 2770, 3327, 429, 3417, 193, 3238, 33, 2605, 1520, 3515, 777, 1575, 713, 773, 3646, 695, 2001},
	{3289, 0, 3068, 1603, 2677, 151, 459, 554, 501, 3990, 2607, 2409, 2418, 1753, 3323, 2632, 320, 1997, 1228, 1628},
	{1035, 3068, 0, 3531, 2409, 1936, 2804, 1345, 3038, 330, 461, 3082, 1788, 1371, 3725, 3486, 3348, 3089, 1458, 3067},
	{2770, 1603, 3531, 0, 3135, 1379, 2762, 2242, 128, 2746, 1696, 2383, 3145, 1963, 3037, 3205, 808, 1925, 1230, 1211},
	{3327, 2677, 2409, 3135, 0, 2246, 930, 152, 2557, 2979, 2148, 2730, 2320, 2486, 2495, 2393, 410, 761, 2368, 886},
	{429, 151, 1936, 1379, 2246, 0, 1270, 2507, 652, 2102, 2908, 1404, 1461, 786, 2066, 1478, 2079, 2672, 1945, 3384},
	{3417, 459, 2804, 2762, 930, 1270, 0, 3289, 3261, 3497, 905, 1095, 1507, 3574, 755, 3345, 3110, 1215, 2332, 2624},
	{193, 554, 1345, 2242, 152, 2507, 3289, 0, 556, 140, 1345, 2198, 2672, 2804, 3609, 2872, 2578, 793, 31, 3167},
	{3238, 501, 3038, 128, 2557, 652, 3261, 556, 0, 2256, 3461, 359, 2441, 715, 1433, 3076, 2530, 3488, 1964, 323},
	{33, 3990, 330, 2746, 2979, 2102, 3497, 140, 2256, 0, 1940, 2053, 2301, 2979, 2731, 686, 3009, 794, 1256, 1030},
	{2605, 2607, 461, 1696, 2148, 2908, 905, 1345, 3461, 1940, 0, 1258, 3295, 3968, 24, 1466, 3480, 207, 3216, 858},
	{1520, 2409, 3082, 2383, 2730, 1404, 1095, 2198, 359, 2053, 1258, 0, 2797, 2834, 1206, 730, 2529, 45, 3139, 2329},
	{3515, 2418, 1788, 3145, 2320, 1461, 1507, 2672, 2441, 2301, 3295, 2797, 0, 2838, 3896, 3741, 3475, 272, 216, 318},
	{777, 1753, 1371, 1963, 2486, 786, 3574, 2804, 715, 2979, 3968, 2834, 2838, 0, 3307, 352, 1581, 1335, 2576, 1319},
	{1575, 3323, 3725, 3037, 2495, 2066, 755, 3609, 1433, 2731, 24, 1206, 3896, 3307, 0, 1166, 1596, 397, 3356, 52},
	{713, 2632, 3486, 3205, 2393, 1478, 3345, 2872, 3076, 686, 1466, 730, 3741, 352, 1166, 0, 2513, 2255, 780, 1729},
	{773, 320, 3348, 808, 410, 2079, 3110, 2578, 2530, 3009, 3480, 2529, 3475, 1581, 1596, 2513, 0, 566, 1222, 949},
	{3646, 1997, 3089, 1925, 761, 2672, 1215, 793, 3488, 794, 207, 45, 272, 1335, 397, 2255, 566, 0, 1801, 2334},
	{695, 1228, 1458, 1230, 2368, 1945, 2332, 31, 1964, 1256, 3216, 3139, 216, 2576, 3356, 780, 1222, 1801, 0, 1254},
	{2001, 1628, 3067, 1211, 886, 3384, 2624, 3167, 323, 1030, 858, 2329, 318, 1319, 52, 1729, 949, 2334, 1254, 0}
};

#endif
