#ifndef CITIES_H

#define CITIES_H

using namespace std;

#include <string>

const unsigned int num_cities = 21;

const string city_names[num_cities] = {
	"Plungė",
	"Nemby",
	"Noumea",
	"Kiambu",
	"Choloma",
	"Loltong",
	"Pongani",
	"Over Back The Damp",
	"Titikaveka",
	"Neves",
	"Majuro",
	"Cockburn Harbour",
	"Awasa",
	"Kampala",
	"Sirnak",
	"Anse Marcel",
	"Varna",
	"Drestedt",
	"Stokkseyri",
	"Otjiwarongo",
	"Avarua"
};

const unsigned int mileage_table[][num_cities] = {
	{0, 3521, 1465, 831, 3676, 1158, 439, 1624, 3278, 2114, 2055, 538, 374, 3056, 1629, 577, 3899, 1760, 2236, 1242, 2684},
	{3521, 0, 1510, 715, 2954, 1200, 3657, 1557, 2283, 241, 3169, 417, 2448, 3972, 1118, 2271, 781, 790, 3304, 1555, 3235},
	{1465, 1510, 0, 3897, 1139, 3038, 3522, 3508, 1269, 2873, 1818, 3894, 2662, 3435, 338, 1753, 2003, 2302, 3137, 673, 449},
	{831, 715, 3897, 0, 1234, 640, 1573, 2668, 3904, 2913, 1919, 893, 288, 1934, 3821, 2560, 3016, 2873, 75, 1923, 3384},
	{3676, 2954, 1139, 1234, 0, 3187, 1008, 397, 211, 2207, 353, 889, 2800, 387, 869, 2665, 2174, 2777, 1009, 3243, 927},
	{1158, 1200, 3038, 640, 3187, 0, 2906, 1934, 1946, 2792, 3683, 3358, 100, 530, 2369, 3417, 3898, 3699, 152, 3232, 2347},
	{439, 3657, 3522, 1573, 1008, 2906, 0, 2654, 1104, 1396, 2017, 3739, 559, 3937, 874, 139, 2849, 2452, 1326, 1380, 3084},
	{1624, 1557, 3508, 2668, 397, 1934, 2654, 0, 1734, 1038, 900, 3840, 13, 2811, 3492, 585, 1504, 1071, 3921, 530, 367},
	{3278, 2283, 1269, 3904, 211, 1946, 1104, 1734, 0, 1958, 3548, 1475, 2728, 963, 401, 2366, 2876, 3101, 2626, 1747, 506},
	{2114, 241, 2873, 2913, 2207, 2792, 1396, 1038, 1958, 0, 1825, 1637, 1587, 2810, 3480, 775, 3088, 290, 1217, 34, 1752},
	{2055, 3169, 1818, 1919, 353, 3683, 2017, 900, 3548, 1825, 0, 3151, 2239, 1126, 2873, 3644, 3629, 1116, 159, 541, 1379},
	{538, 417, 3894, 893, 889, 3358, 3739, 3840, 1475, 1637, 3151, 0, 2875, 884, 2644, 2613, 3880, 693, 1261, 3148, 10},
	{374, 2448, 2662, 288, 2800, 100, 559, 13, 2728, 1587, 2239, 2875, 0, 3786, 2960, 106, 2383, 932, 3418, 1706, 1479},
	{3056, 3972, 3435, 1934, 387, 530, 3937, 2811, 963, 2810, 1126, 884, 3786, 0, 1786, 398, 2637, 3334, 2516, 886, 1300},
	{1629, 1118, 338, 3821, 869, 2369, 874, 3492, 401, 3480, 2873, 2644, 2960, 1786, 0, 1453, 1538, 3734, 135, 2402, 2960},
	{577, 2271, 1753, 2560, 2665, 3417, 139, 585, 2366, 775, 3644, 2613, 106, 398, 1453, 0, 2776, 1067, 3610, 1359, 3137},
	{3899, 781, 2003, 3016, 2174, 3898, 2849, 1504, 2876, 3088, 3629, 3880, 2383, 2637, 1538, 2776, 0, 3670, 1242, 3084, 859},
	{1760, 790, 2302, 2873, 2777, 3699, 2452, 1071, 3101, 290, 1116, 693, 932, 3334, 3734, 1067, 3670, 0, 326, 936, 2127},
	{2236, 3304, 3137, 75, 1009, 152, 1326, 3921, 2626, 1217, 159, 1261, 3418, 2516, 135, 3610, 1242, 326, 0, 1094, 936},
	{1242, 1555, 673, 1923, 3243, 3232, 1380, 530, 1747, 34, 541, 3148, 1706, 886, 2402, 1359, 3084, 936, 1094, 0, 937},
	{2684, 3235, 449, 3384, 927, 2347, 3084, 367, 506, 1752, 1379, 10, 1479, 1300, 2960, 3137, 859, 2127, 936, 937, 0}
};

#endif
