#ifndef CITIES_H

#define CITIES_H

using namespace std;

#include <string>

const unsigned int num_cities = 29;

const string city_names[num_cities] = {
	"Al Shamiya",
	"Las Tunas",
	"Icheon-si",
	"Parobe",
	"Aoma",
	"Nadi",
	"Wilhelmsburg",
	"Anse Marcel",
	"Mahina",
	"Papeete",
	"Mbabane",
	"Groningen",
	"Banka",
	"Kalomo",
	"Boké",
	"Stepaside",
	"Belize City",
	"Nouakchott",
	"Dili",
	"Genting",
	"Abidjan",
	"Gigante",
	"Al Shamiya",
	"Goumenissa",
	"Cockburn Harbour",
	"Newlands",
	"Palm Beach",
	"Mozambique",
	"Wa"
};

const unsigned int mileage_table[][num_cities] = {
	{0, 854, 3755, 2019, 2327, 3844, 1002, 2713, 603, 2020, 1803, 1861, 3273, 1428, 2104, 2631, 2790, 570, 1262, 36, 3674, 2641, 2511, 2365, 1984, 1634, 2982, 3886, 3950},
	{854, 0, 3166, 475, 3565, 57, 353, 1587, 1058, 906, 298, 3270, 949, 3669, 3152, 2859, 1171, 1855, 2827, 3376, 777, 786, 2155, 426, 3411, 1124, 722, 3470, 1467},
	{3755, 3166, 0, 892, 1856, 1988, 3295, 546, 207, 1658, 1827, 1369, 2095, 993, 392, 2329, 3369, 3350, 880, 245, 3282, 1473, 2503, 214, 3664, 1273, 1652, 1383, 2199},
	{2019, 475, 892, 0, 1825, 340, 2656, 405, 72, 2682, 1966, 2201, 2331, 1601, 1109, 836, 2376, 2635, 1033, 1236, 1703, 2124, 3034, 2369, 2614, 3793, 888, 981, 718},
	{2327, 3565, 1856, 1825, 0, 3590, 2973, 676, 2313, 3337, 604, 3481, 696, 915, 2848, 84, 3355, 3053, 3521, 3244, 1617, 2600, 3622, 1489, 950, 2133, 3148, 1379, 1189},
	{3844, 57, 1988, 340, 3590, 0, 964, 3404, 1669, 1423, 1366, 1660, 1840, 1630, 35, 2318, 2892, 882, 460, 1573, 1868, 132, 1645, 345, 1974, 3932, 2833, 611, 2581},
	{1002, 353, 3295, 2656, 2973, 964, 0, 678, 1239, 2485, 3512, 906, 2751, 1818, 2005, 1645, 3194, 3849, 1449, 2591, 3627, 479, 80, 2468, 290, 2063, 3538, 1030, 318},
	{2713, 1587, 546, 405, 676, 3404, 678, 0, 2612, 3070, 2117, 464, 3527, 3263, 1119, 3747, 3259, 214, 3328, 3341, 3997, 301, 454, 1421, 512, 2379, 3714, 129, 261},
	{603, 1058, 207, 72, 2313, 1669, 1239, 2612, 0, 20, 2909, 3505, 1977, 3280, 1709, 1956, 147, 3753, 835, 3875, 3531, 3496, 1173, 703, 1924, 557, 2819, 3795, 2115},
	{2020, 906, 1658, 2682, 3337, 1423, 2485, 3070, 20, 0, 1631, 744, 1579, 275, 1683, 3310, 3939, 2252, 384, 3096, 3861, 1038, 1675, 947, 737, 1697, 2734, 641, 1230},
	{1803, 298, 1827, 1966, 604, 1366, 3512, 2117, 2909, 1631, 0, 3727, 627, 1825, 2315, 3626, 2740, 2113, 1927, 2312, 715, 1859, 2454, 2595, 2911, 2508, 1935, 3486, 1079},
	{1861, 3270, 1369, 2201, 3481, 1660, 906, 464, 3505, 744, 3727, 0, 1462, 299, 2846, 1617, 2393, 2128, 1779, 1618, 2353, 628, 3094, 1451, 848, 2839, 3924, 2933, 395},
	{3273, 949, 2095, 2331, 696, 1840, 2751, 3527, 1977, 1579, 627, 1462, 0, 3664, 2160, 1616, 2405, 350, 3967, 2742, 1157, 3814, 2932, 3817, 114, 2677, 465, 1721, 3672},
	{1428, 3669, 993, 1601, 915, 1630, 1818, 3263, 3280, 275, 1825, 299, 3664, 0, 2210, 2208, 1447, 3656, 2580, 1355, 950, 412, 1903, 2305, 2134, 351, 3120, 211, 1004},
	{2104, 3152, 392, 1109, 2848, 35, 2005, 1119, 1709, 1683, 2315, 2846, 2160, 2210, 0, 1486, 541, 1374, 2402, 1901, 661, 3930, 546, 1596, 2647, 3595, 1474, 2011, 1626},
	{2631, 2859, 2329, 836, 84, 2318, 1645, 3747, 1956, 3310, 3626, 1617, 1616, 2208, 1486, 0, 157, 1561, 3185, 2665, 1426, 1698, 2358, 748, 1718, 1102, 1542, 2543, 3675},
	{2790, 1171, 3369, 2376, 3355, 2892, 3194, 3259, 147, 3939, 2740, 2393, 2405, 1447, 541, 157, 0, 1002, 897, 2950, 2890, 3782, 3097, 2942, 2236, 1293, 3725, 118, 1462},
	{570, 1855, 3350, 2635, 3053, 882, 3849, 214, 3753, 2252, 2113, 2128, 350, 3656, 1374, 1561, 1002, 0, 3559, 1908, 223, 1677, 785, 1494, 2219, 241, 920, 2819, 3810},
	{1262, 2827, 880, 1033, 3521, 460, 1449, 3328, 835, 384, 1927, 1779, 3967, 2580, 2402, 3185, 897, 3559, 0, 5, 2093, 1664, 3566, 647, 3415, 3353, 2062, 960, 2971},
	{36, 3376, 245, 1236, 3244, 1573, 2591, 3341, 3875, 3096, 2312, 1618, 2742, 1355, 1901, 2665, 2950, 1908, 5, 0, 2859, 3083, 3089, 1931, 2232, 1921, 199, 3648, 1984},
	{3674, 777, 3282, 1703, 1617, 1868, 3627, 3997, 3531, 3861, 715, 2353, 1157, 950, 661, 1426, 2890, 223, 2093, 2859, 0, 2378, 3020, 2855, 3525, 2106, 1693, 392, 2352},
	{2641, 786, 1473, 2124, 2600, 132, 479, 301, 3496, 1038, 1859, 628, 3814, 412, 3930, 1698, 3782, 1677, 1664, 3083, 2378, 0, 3364, 471, 3308, 845, 890, 3666, 582},
	{2511, 2155, 2503, 3034, 3622, 1645, 80, 454, 1173, 1675, 2454, 3094, 2932, 1903, 546, 2358, 3097, 785, 3566, 3089, 3020, 3364, 0, 1595, 3976, 3970, 268, 975, 3246},
	{2365, 426, 214, 2369, 1489, 345, 2468, 1421, 703, 947, 2595, 1451, 3817, 2305, 1596, 748, 2942, 1494, 647, 1931, 2855, 471, 1595, 0, 2355, 1329, 378, 424, 3870},
	{1984, 3411, 3664, 2614, 950, 1974, 290, 512, 1924, 737, 2911, 848, 114, 2134, 2647, 1718, 2236, 2219, 3415, 2232, 3525, 3308, 3976, 2355, 0, 1732, 817, 1087, 3100},
	{1634, 1124, 1273, 3793, 2133, 3932, 2063, 2379, 557, 1697, 2508, 2839, 2677, 351, 3595, 1102, 1293, 241, 3353, 1921, 2106, 845, 3970, 1329, 1732, 0, 2503, 2062, 2953},
	{2982, 722, 1652, 888, 3148, 2833, 3538, 3714, 2819, 2734, 1935, 3924, 465, 3120, 1474, 1542, 3725, 920, 2062, 199, 1693, 890, 268, 378, 817, 2503, 0, 3817, 784},
	{3886, 3470, 1383, 981, 1379, 611, 1030, 129, 3795, 641, 3486, 2933, 1721, 211, 2011, 2543, 118, 2819, 960, 3648, 392, 3666, 975, 424, 1087, 2062, 3817, 0, 2937},
	{3950, 1467, 2199, 718, 1189, 2581, 318, 261, 2115, 1230, 1079, 395, 3672, 1004, 1626, 3675, 1462, 3810, 2971, 1984, 2352, 582, 3246, 3870, 3100, 2953, 784, 2937, 0}
};

#endif
