#ifndef CITIES_H

#define CITIES_H

using namespace std;

#include <string>

const unsigned int num_cities = 30;

const string city_names[num_cities] = {
	"Gibraltar",
	"Abéché",
	"Flying Fish Cove",
	"Roma",
	"Bharatpur",
	"Kampala",
	"Palm Beach",
	"Oworonsoki",
	"Adamstown",
	"George Hill",
	"Botoncillal El Botoncillo",
	"Fujairah",
	"Inarajan Village",
	"Graz",
	"Comilla",
	"Askøy",
	"Karatina",
	"Ipatinga",
	"Lyakhovichi",
	"Macha",
	"Santo Inacio",
	"Aqsū",
	"Vác",
	"Andorra la Vella",
	"Avarua",
	"Al Hillah",
	"Umwa Village",
	"Vientiane",
	"Port-aux-Francais",
	"Thimphu"
};

const unsigned int mileage_table[][num_cities] = {
	{0, 251, 3041, 809, 1772, 3040, 417, 728, 3918, 112, 3756, 128, 1677, 2893, 317, 1930, 3989, 967, 2083, 3485, 3287, 2217, 2639, 560, 274, 401, 1712, 2408, 2833, 1108},
	{251, 0, 2959, 292, 3755, 661, 2956, 960, 2287, 3272, 2126, 1863, 2034, 1192, 3056, 2040, 3939, 1254, 534, 1137, 3719, 266, 4, 107, 3575, 343, 303, 3028, 3726, 2350},
	{3041, 2959, 0, 46, 3443, 1240, 908, 3116, 3229, 2026, 2075, 3081, 1144, 2543, 218, 1670, 1725, 3473, 3560, 699, 240, 604, 3829, 3178, 1183, 3330, 3665, 1745, 3251, 3890},
	{809, 292, 46, 0, 1270, 3806, 2629, 1719, 3750, 1240, 3599, 557, 1978, 3006, 92, 108, 608, 2421, 3064, 2245, 449, 181, 3437, 2027, 2573, 3795, 1488, 258, 3981, 3899},
	{1772, 3755, 3443, 1270, 0, 3095, 3468, 766, 348, 3, 2929, 288, 3810, 983, 2520, 1669, 2764, 3599, 3116, 3690, 3246, 45, 1398, 3556, 2125, 559, 516, 2815, 405, 2915},
	{3040, 661, 1240, 3806, 3095, 0, 1093, 2378, 2397, 3392, 1616, 3123, 2184, 2564, 1005, 255, 821, 3025, 385, 2551, 1563, 1880, 3006, 2381, 3542, 3007, 131, 214, 1051, 2967},
	{417, 2956, 908, 2629, 3468, 1093, 0, 3784, 1403, 707, 1088, 3424, 2963, 1528, 3295, 2370, 3609, 2569, 954, 977, 3320, 2286, 3758, 1732, 968, 2280, 3851, 36, 3377, 2959},
	{728, 960, 3116, 1719, 766, 2378, 3784, 0, 3809, 1556, 2143, 917, 3959, 2190, 1855, 227, 1148, 2703, 995, 627, 2554, 3057, 1283, 3458, 3390, 1568, 3702, 1219, 2991, 3161},
	{3918, 2287, 3229, 3750, 348, 2397, 1403, 3809, 0, 3916, 1187, 1992, 1083, 2762, 3371, 1305, 1514, 1393, 2099, 196, 1145, 1632, 2415, 839, 639, 2396, 3196, 2439, 1442, 1564},
	{112, 3272, 2026, 1240, 3, 3392, 707, 1556, 3916, 0, 2203, 2927, 1019, 1260, 1394, 45, 3488, 1089, 2708, 3586, 342, 3308, 2943, 2842, 455, 3974, 338, 1056, 1791, 1226},
	{3756, 2126, 2075, 3599, 2929, 1616, 1088, 2143, 1187, 2203, 0, 2728, 3499, 2108, 1569, 1843, 3965, 2643, 2099, 1746, 3168, 10, 1647, 365, 2580, 802, 3326, 276, 3821, 1165},
	{128, 1863, 3081, 557, 288, 3123, 3424, 917, 1992, 2927, 2728, 0, 267, 214, 2858, 748, 3991, 1067, 2169, 2234, 1763, 1451, 2063, 1245, 3237, 1924, 1178, 1585, 3368, 3539},
	{1677, 2034, 1144, 1978, 3810, 2184, 2963, 3959, 1083, 1019, 3499, 267, 0, 2949, 1503, 1827, 1509, 2920, 2893, 2144, 2212, 2576, 3236, 1008, 3006, 1301, 3706, 3130, 2575, 3331},
	{2893, 1192, 2543, 3006, 983, 2564, 1528, 2190, 2762, 1260, 2108, 214, 2949, 0, 1716, 2422, 1315, 3331, 517, 3202, 1445, 1724, 3163, 646, 2466, 2249, 305, 3066, 2084, 2944},
	{317, 3056, 218, 92, 2520, 1005, 3295, 1855, 3371, 1394, 1569, 2858, 1503, 1716, 0, 2673, 2443, 299, 1811, 1523, 635, 1170, 3765, 737, 2204, 821, 791, 2275, 2675, 2043},
	{1930, 2040, 1670, 108, 1669, 255, 2370, 227, 1305, 45, 1843, 748, 1827, 2422, 2673, 0, 58, 3071, 1480, 1491, 1522, 1028, 3230, 307, 1818, 3746, 2618, 2623, 561, 2672},
	{3989, 3939, 1725, 608, 2764, 821, 3609, 1148, 1514, 3488, 3965, 3991, 1509, 1315, 2443, 58, 0, 2454, 1706, 374, 1901, 1114, 2883, 1241, 3990, 1226, 2312, 3137, 397, 2574},
	{967, 1254, 3473, 2421, 3599, 3025, 2569, 2703, 1393, 1089, 2643, 1067, 2920, 3331, 299, 3071, 2454, 0, 542, 734, 3675, 2353, 2220, 2036, 2365, 1391, 3386, 487, 2406, 3821},
	{2083, 534, 3560, 3064, 3116, 385, 954, 995, 2099, 2708, 2099, 2169, 2893, 517, 1811, 1480, 1706, 542, 0, 1212, 2862, 3290, 3749, 1410, 2908, 364, 433, 1873, 749, 1948},
	{3485, 1137, 699, 2245, 3690, 2551, 977, 627, 196, 3586, 1746, 2234, 2144, 3202, 1523, 1491, 374, 734, 1212, 0, 1776, 784, 695, 827, 533, 3462, 2098, 3755, 1636, 3444},
	{3287, 3719, 240, 449, 3246, 1563, 3320, 2554, 1145, 342, 3168, 1763, 2212, 1445, 635, 1522, 1901, 3675, 2862, 1776, 0, 2048, 1025, 545, 1557, 2799, 2536, 3122, 3480, 3178},
	{2217, 266, 604, 181, 45, 1880, 2286, 3057, 1632, 3308, 10, 1451, 2576, 1724, 1170, 1028, 1114, 2353, 3290, 784, 2048, 0, 3864, 3807, 3610, 3796, 652, 1443, 862, 470},
	{2639, 4, 3829, 3437, 1398, 3006, 3758, 1283, 2415, 2943, 1647, 2063, 3236, 3163, 3765, 3230, 2883, 2220, 3749, 695, 1025, 3864, 0, 2621, 3522, 3112, 1404, 585, 2412, 3753},
	{560, 107, 3178, 2027, 3556, 2381, 1732, 3458, 839, 2842, 365, 1245, 1008, 646, 737, 307, 1241, 2036, 1410, 827, 545, 3807, 2621, 0, 1842, 3952, 2671, 1448, 600, 2825},
	{274, 3575, 1183, 2573, 2125, 3542, 968, 3390, 639, 455, 2580, 3237, 3006, 2466, 2204, 1818, 3990, 2365, 2908, 533, 1557, 3610, 3522, 1842, 0, 3808, 2645, 255, 3337, 223},
	{401, 343, 3330, 3795, 559, 3007, 2280, 1568, 2396, 3974, 802, 1924, 1301, 2249, 821, 3746, 1226, 1391, 364, 3462, 2799, 3796, 3112, 3952, 3808, 0, 2365, 1164, 3785, 2369},
	{1712, 303, 3665, 1488, 516, 131, 3851, 3702, 3196, 338, 3326, 1178, 3706, 305, 791, 2618, 2312, 3386, 433, 2098, 2536, 652, 1404, 2671, 2645, 2365, 0, 1987, 2526, 73},
	{2408, 3028, 1745, 258, 2815, 214, 36, 1219, 2439, 1056, 276, 1585, 3130, 3066, 2275, 2623, 3137, 487, 1873, 3755, 3122, 1443, 585, 1448, 255, 1164, 1987, 0, 3896, 568},
	{2833, 3726, 3251, 3981, 405, 1051, 3377, 2991, 1442, 1791, 3821, 3368, 2575, 2084, 2675, 561, 397, 2406, 749, 1636, 3480, 862, 2412, 600, 3337, 3785, 2526, 3896, 0, 497},
	{1108, 2350, 3890, 3899, 2915, 2967, 2959, 3161, 1564, 1226, 1165, 3539, 3331, 2944, 2043, 2672, 2574, 3821, 1948, 3444, 3178, 470, 3753, 2825, 223, 2369, 73, 568, 497, 0}
};

#endif
