#ifndef CITIES_H
#define CITIES_H
#include <string>
using namespace std;
const unsigned int num_cities = 12;

const string city_names[num_cities] = {
	"Douala",
	"Orapa",
	"OEdkarby",
	"Banjul",
	"Berekua",
	"Dorp Nikiboko",
	"Venado Tuerto",
	"Arawa",
	"Quelimane",
	"Woods",
	"Dorp Nikiboko",
	"Elbasan"
};

const unsigned int mileage_table[][num_cities] = {
	{0, 1288, 2242, 1851, 3929, 1264, 1864, 2158, 3558, 257, 107, 2627},
	{1288, 0, 2671, 3309, 2370, 632, 2017, 3258, 3946, 2882, 926, 1326},
	{2242, 2671, 0, 2638, 1716, 824, 2275, 453, 3751, 1327, 2289, 1197},
	{1851, 3309, 2638, 0, 994, 3660, 717, 2953, 2047, 2110, 3631, 2330},
	{3929, 2370, 1716, 994, 0, 2021, 2831, 1772, 2681, 960, 623, 3155},
	{1264, 632, 824, 3660, 2021, 0, 745, 2358, 2627, 3760, 1506, 2751},
	{1864, 2017, 2275, 717, 2831, 745, 0, 1063, 2079, 2373, 2005, 3183},
	{2158, 3258, 453, 2953, 1772, 2358, 1063, 0, 494, 2887, 2860, 1645},
	{3558, 3946, 3751, 2047, 2681, 2627, 2079, 494, 0, 86, 2044, 1643},
	{257, 2882, 1327, 2110, 960, 3760, 2373, 2887, 86, 0, 3236, 276},
	{107, 926, 2289, 3631, 623, 1506, 2005, 2860, 2044, 3236, 0, 2595},
	{2627, 1326, 1197, 2330, 3155, 2751, 3183, 1645, 1643, 276, 2595, 0}
};
#endif
