#ifndef CITIES_H

#define CITIES_H

using namespace std;

#include <string>

const unsigned int num_cities = 22;

const string city_names[num_cities] = {
	"As Salimiyah",
	"Yap",
	"Mariestad",
	"Canelones",
	"Borisov",
	"Piggs Peak",
	"Brazzaville",
	"Ferizaj",
	"Shuilin",
	"Mogadishu",
	"Logstrup",
	"San Felipe",
	"Sabha",
	"Bissau",
	"Kazincbarcika",
	"Antiguo Cuscatlan",
	"Livingstone",
	"Gaza",
	"Juba",
	"Haut-Ittre",
	"Parham",
	"Or `Aqiva"
};

const unsigned int mileage_table[][num_cities] = {
	{0, 3121, 321, 2305, 1961, 1441, 1816, 2786, 3560, 3017, 814, 2142, 1847, 2956, 2963, 2695, 877, 1402, 3071, 1855, 2338, 1399},
	{3121, 0, 185, 293, 3614, 136, 1146, 2152, 1040, 1531, 1215, 862, 1608, 1237, 2679, 2516, 3320, 656, 3370, 1844, 3062, 2116},
	{321, 185, 0, 1041, 953, 3070, 3038, 2945, 2639, 667, 2368, 3658, 1400, 157, 3911, 241, 1306, 62, 1601, 2707, 597, 1652},
	{2305, 293, 1041, 0, 1194, 1888, 2948, 3756, 2035, 2911, 2641, 2952, 1672, 2649, 1075, 1389, 2319, 1672, 2848, 3083, 1692, 1425},
	{1961, 3614, 953, 1194, 0, 2649, 449, 2439, 590, 3270, 3626, 508, 3346, 49, 3775, 1938, 816, 3204, 296, 1250, 1727, 2874},
	{1441, 136, 3070, 1888, 2649, 0, 2686, 2866, 1300, 428, 2862, 2225, 528, 3003, 2700, 718, 1367, 3962, 504, 2753, 377, 2516},
	{1816, 1146, 3038, 2948, 449, 2686, 0, 1284, 3565, 1484, 2402, 355, 3689, 2111, 1654, 3065, 1742, 1463, 184, 3217, 1398, 3132},
	{2786, 2152, 2945, 3756, 2439, 2866, 1284, 0, 2350, 717, 2492, 462, 1154, 904, 732, 2231, 1876, 1390, 2982, 2145, 2591, 2609},
	{3560, 1040, 2639, 2035, 590, 1300, 3565, 2350, 0, 2995, 3571, 1587, 2974, 1769, 1273, 566, 162, 2104, 1538, 2522, 676, 2734},
	{3017, 1531, 667, 2911, 3270, 428, 1484, 717, 2995, 0, 1385, 507, 2357, 3225, 2049, 3645, 3013, 1363, 3743, 3102, 2944, 3986},
	{814, 1215, 2368, 2641, 3626, 2862, 2402, 2492, 3571, 1385, 0, 3909, 3678, 3100, 1563, 446, 1256, 1770, 3668, 3316, 2446, 1648},
	{2142, 862, 3658, 2952, 508, 2225, 355, 462, 1587, 507, 3909, 0, 2331, 3591, 3680, 3344, 1158, 711, 399, 1394, 3161, 2356},
	{1847, 1608, 1400, 1672, 3346, 528, 3689, 1154, 2974, 2357, 3678, 2331, 0, 919, 631, 2749, 1880, 1471, 192, 111, 1805, 1845},
	{2956, 1237, 157, 2649, 49, 3003, 2111, 904, 1769, 3225, 3100, 3591, 919, 0, 1221, 2345, 923, 3824, 3630, 2261, 160, 377},
	{2963, 2679, 3911, 1075, 3775, 2700, 1654, 732, 1273, 2049, 1563, 3680, 631, 1221, 0, 1686, 3103, 2435, 3817, 1562, 1031, 1976},
	{2695, 2516, 241, 1389, 1938, 718, 3065, 2231, 566, 3645, 446, 3344, 2749, 2345, 1686, 0, 1765, 1808, 3464, 3066, 2697, 231},
	{877, 3320, 1306, 2319, 816, 1367, 1742, 1876, 162, 3013, 1256, 1158, 1880, 923, 3103, 1765, 0, 569, 1599, 649, 594, 3265},
	{1402, 656, 62, 1672, 3204, 3962, 1463, 1390, 2104, 1363, 1770, 711, 1471, 3824, 2435, 1808, 569, 0, 2961, 35, 255, 1677},
	{3071, 3370, 1601, 2848, 296, 504, 184, 2982, 1538, 3743, 3668, 399, 192, 3630, 3817, 3464, 1599, 2961, 0, 890, 2590, 1627},
	{1855, 1844, 2707, 3083, 1250, 2753, 3217, 2145, 2522, 3102, 3316, 1394, 111, 2261, 1562, 3066, 649, 35, 890, 0, 393, 1562},
	{2338, 3062, 597, 1692, 1727, 377, 1398, 2591, 676, 2944, 2446, 3161, 1805, 160, 1031, 2697, 594, 255, 2590, 393, 0, 2404},
	{1399, 2116, 1652, 1425, 2874, 2516, 3132, 2609, 2734, 3986, 1648, 2356, 1845, 377, 1976, 231, 3265, 1677, 1627, 1562, 2404, 0}
};

#endif
