#ifndef CITIES_H
#define CITIES_H
#include <string>
using namespace std;
const unsigned int num_cities = 11;

const string city_names[num_cities] = {
	"Safotulafai",
	"Rylstone",
	"Lobamba",
	"Herceg Novi",
	"Navapolatsk",
	"Escaldes-Engordany",
	"Nouakchott",
	"New Amsterdam",
	"Neiafu",
	"Abidjan",
	"Karagandy"
};

const unsigned int mileage_table[][num_cities] = {
	{0, 2832, 3031, 1311, 2246, 776, 3849, 774, 3201, 787, 300},
	{2832, 0, 2829, 2996, 265, 3631, 1354, 3581, 3759, 3552, 2011},
	{3031, 2829, 0, 3427, 840, 997, 76, 1389, 3520, 3079, 3981},
	{1311, 2996, 3427, 0, 1147, 146, 3270, 2204, 787, 1705, 294},
	{2246, 265, 840, 1147, 0, 1036, 2761, 3755, 3869, 2575, 3912},
	{776, 3631, 997, 146, 1036, 0, 3971, 508, 3808, 2664, 2371},
	{3849, 1354, 76, 3270, 2761, 3971, 0, 2393, 2145, 3917, 1815},
	{774, 3581, 1389, 2204, 3755, 508, 2393, 0, 1632, 1765, 1144},
	{3201, 3759, 3520, 787, 3869, 3808, 2145, 1632, 0, 1984, 3632},
	{787, 3552, 3079, 1705, 2575, 2664, 3917, 1765, 1984, 0, 1351},
	{300, 2011, 3981, 294, 3912, 2371, 1815, 1144, 3632, 1351, 0}
};
#endif
