#ifndef CITIES_H

#define CITIES_H

using namespace std;

#include <string>

const unsigned int num_cities = 25;

const string city_names[num_cities] = {
	"Mzuzu",
	"Marigot",
	"Philipsburg",
	"Funtua",
	"Ndola",
	"Gibraltar",
	"Davy Hill",
	"Choa Chu Kang New Town",
	"Shkoder",
	"Georgetown",
	"Safotulafai",
	"Chuka",
	"Neiafu",
	"Han-Uul",
	"Hvammstangi",
	"Tristan Da Cunha",
	"Emmastad",
	"Bishkek",
	"San Rafael",
	"Dorp Nikiboko",
	"Naifaru",
	"Khorugh",
	"Gulbene",
	"Cachoeira Paulista",
	"Abomey-Calavi"
};

const unsigned int mileage_table[][num_cities] = {
	{0, 3347, 1999, 2233, 428, 3026, 168, 646, 1449, 947, 1789, 390, 2861, 3254, 3215, 2747, 949, 3245, 2830, 1115, 2188, 1469, 3098, 3767, 2829},
	{3347, 0, 2569, 2409, 820, 848, 2192, 967, 2247, 1130, 2812, 1562, 3175, 3296, 1424, 2453, 2034, 1442, 325, 658, 3061, 1527, 1939, 1669, 918},
	{1999, 2569, 0, 3527, 1899, 2776, 1800, 2672, 3068, 396, 1546, 3495, 2968, 2407, 3762, 2067, 3595, 1034, 3530, 3466, 2881, 2207, 2674, 1016, 588},
	{2233, 2409, 3527, 0, 3270, 933, 942, 1730, 3389, 2683, 71, 2952, 955, 3754, 395, 2585, 3900, 1934, 3156, 1197, 410, 1542, 1793, 3281, 1647},
	{428, 820, 1899, 3270, 0, 2767, 1396, 2492, 1488, 463, 3470, 3914, 2141, 963, 1642, 3224, 3447, 1226, 294, 66, 1534, 2017, 1182, 1161, 2286},
	{3026, 848, 2776, 933, 2767, 0, 1762, 1851, 1286, 378, 1903, 3507, 3434, 3189, 3210, 1602, 3102, 759, 534, 3701, 3740, 1104, 112, 548, 2644},
	{168, 2192, 1800, 942, 1396, 1762, 0, 471, 308, 2883, 3537, 2299, 732, 2513, 32, 193, 246, 3906, 1187, 874, 2986, 1938, 328, 3446, 1834},
	{646, 967, 2672, 1730, 2492, 1851, 471, 0, 3060, 2155, 2637, 671, 1274, 2748, 2531, 115, 3874, 3341, 2745, 2228, 2962, 1956, 497, 3983, 3183},
	{1449, 2247, 3068, 3389, 1488, 1286, 308, 3060, 0, 863, 2521, 402, 269, 892, 2445, 2388, 1135, 1662, 3331, 163, 2113, 640, 606, 2687, 175},
	{947, 1130, 396, 2683, 463, 378, 2883, 2155, 863, 0, 156, 42, 396, 231, 1418, 867, 3349, 386, 3370, 96, 2752, 2600, 2910, 3742, 669},
	{1789, 2812, 1546, 71, 3470, 1903, 3537, 2637, 2521, 156, 0, 2258, 1339, 932, 983, 1728, 1384, 3325, 1286, 2279, 3210, 1713, 1873, 3904, 181},
	{390, 1562, 3495, 2952, 3914, 3507, 2299, 671, 402, 42, 2258, 0, 122, 2738, 2283, 2908, 3117, 2929, 974, 3269, 2542, 552, 1017, 533, 2947},
	{2861, 3175, 2968, 955, 2141, 3434, 732, 1274, 269, 396, 1339, 122, 0, 987, 3717, 2122, 560, 1427, 3321, 256, 2003, 3279, 3325, 3594, 1588},
	{3254, 3296, 2407, 3754, 963, 3189, 2513, 2748, 892, 231, 932, 2738, 987, 0, 3624, 1271, 3711, 3326, 155, 673, 1290, 3417, 1635, 1612, 1753},
	{3215, 1424, 3762, 395, 1642, 3210, 32, 2531, 2445, 1418, 983, 2283, 3717, 3624, 0, 2820, 118, 373, 2574, 160, 3725, 3438, 3197, 2805, 1686},
	{2747, 2453, 2067, 2585, 3224, 1602, 193, 115, 2388, 867, 1728, 2908, 2122, 1271, 2820, 0, 1818, 3756, 701, 177, 3850, 1798, 2167, 2931, 3465},
	{949, 2034, 3595, 3900, 3447, 3102, 246, 3874, 1135, 3349, 1384, 3117, 560, 3711, 118, 1818, 0, 1417, 1233, 2228, 3924, 617, 3519, 1577, 3494},
	{3245, 1442, 1034, 1934, 1226, 759, 3906, 3341, 1662, 386, 3325, 2929, 1427, 3326, 373, 3756, 1417, 0, 3373, 3901, 3355, 1791, 3453, 2962, 2115},
	{2830, 325, 3530, 3156, 294, 534, 1187, 2745, 3331, 3370, 1286, 974, 3321, 155, 2574, 701, 1233, 3373, 0, 1206, 2202, 704, 989, 3328, 2528},
	{1115, 658, 3466, 1197, 66, 3701, 874, 2228, 163, 96, 2279, 3269, 256, 673, 160, 177, 2228, 3901, 1206, 0, 1080, 1924, 1037, 309, 2751},
	{2188, 3061, 2881, 410, 1534, 3740, 2986, 2962, 2113, 2752, 3210, 2542, 2003, 1290, 3725, 3850, 3924, 3355, 2202, 1080, 0, 3796, 680, 699, 370},
	{1469, 1527, 2207, 1542, 2017, 1104, 1938, 1956, 640, 2600, 1713, 552, 3279, 3417, 3438, 1798, 617, 1791, 704, 1924, 3796, 0, 86, 3179, 2810},
	{3098, 1939, 2674, 1793, 1182, 112, 328, 497, 606, 2910, 1873, 1017, 3325, 1635, 3197, 2167, 3519, 3453, 989, 1037, 680, 86, 0, 481, 1773},
	{3767, 1669, 1016, 3281, 1161, 548, 3446, 3983, 2687, 3742, 3904, 533, 3594, 1612, 2805, 2931, 1577, 2962, 3328, 309, 699, 3179, 481, 0, 986},
	{2829, 918, 588, 1647, 2286, 2644, 1834, 3183, 175, 669, 181, 2947, 1588, 1753, 1686, 3465, 3494, 2115, 2528, 2751, 370, 2810, 1773, 986, 0}
};

#endif
