#ifndef CITIES_H
#define CITIES_H
#include <string>
using namespace std;
const unsigned int num_cities = 16;

const string city_names[num_cities] = {
	"Haiphong",
	"Basra",
	"Dzerzhinsk",
	"San Pedro de Macorís",
	"West Island",
	"Nieuw Amsterdam",
	"Guadalupe",
	"Juba",
	"Ebene CyberCity",
	"Moravska Nova Ves",
	"San Carlos",
	"Cupertino",
	"Ialoveni",
	"Berekua",
	"Jacmel",
	"Kwaluseni"
};

const unsigned int mileage_table[][num_cities] = {
	{0, 1542, 160, 3523, 3156, 1822, 6, 1164, 2205, 2044, 464, 2209, 1968, 2692, 470, 3775},
	{1542, 0, 2345, 48, 997, 3104, 2790, 1721, 2647, 2515, 1746, 2083, 1664, 303, 1348, 2105},
	{160, 2345, 0, 3059, 2423, 1100, 2, 564, 2906, 3410, 2212, 1814, 1360, 9, 2751, 1107},
	{3523, 48, 3059, 0, 3237, 3569, 2341, 2488, 228, 2515, 3484, 3975, 700, 3498, 255, 3468},
	{3156, 997, 2423, 3237, 0, 2205, 2601, 237, 3514, 2392, 2753, 2211, 2853, 1937, 859, 2698},
	{1822, 3104, 1100, 3569, 2205, 0, 3219, 1317, 69, 3815, 194, 3145, 3851, 181, 1694, 26},
	{6, 2790, 2, 2341, 2601, 3219, 0, 886, 3405, 3117, 1394, 3168, 1124, 2885, 3078, 1873},
	{1164, 1721, 564, 2488, 237, 1317, 886, 0, 1207, 66, 212, 227, 208, 3510, 2255, 3203},
	{2205, 2647, 2906, 228, 3514, 69, 3405, 1207, 0, 150, 1742, 361, 2670, 189, 305, 3232},
	{2044, 2515, 3410, 2515, 2392, 3815, 3117, 66, 150, 0, 717, 1440, 2134, 3360, 3079, 966},
	{464, 1746, 2212, 3484, 2753, 194, 1394, 212, 1742, 717, 0, 2044, 1984, 987, 1947, 2314},
	{2209, 2083, 1814, 3975, 2211, 3145, 3168, 227, 361, 1440, 2044, 0, 3853, 293, 637, 3862},
	{1968, 1664, 1360, 700, 2853, 3851, 1124, 208, 2670, 2134, 1984, 3853, 0, 2283, 1913, 3311},
	{2692, 303, 9, 3498, 1937, 181, 2885, 3510, 189, 3360, 987, 293, 2283, 0, 2031, 802},
	{470, 1348, 2751, 255, 859, 1694, 3078, 2255, 305, 3079, 1947, 637, 1913, 2031, 0, 2347},
	{3775, 2105, 1107, 3468, 2698, 26, 1873, 3203, 3232, 966, 2314, 3862, 3311, 802, 2347, 0}
};
#endif
